loss_g: 0.6905217360759127
loss_a: 0.000114064896479249
loss_abn: 0.6904928191848423
total_loss: 1.381128670512766
accuracy_g: 0.5362318840579711
accuracy_abn: 0.5434782608695652
global_independence_score: 0.059445906430482864
hsic_matrix: [[0.         0.09396099 0.00449026 0.00604595 0.09291752 0.09317052
  0.08505709 0.09290336 0.09284962 0.08318764 0.08740107 0.08785965
  0.08833282 0.09153856 0.09186402 0.00348028]
 [0.09396099 0.         0.00433747 0.00627852 0.09347037 0.09365251
  0.08558539 0.09240396 0.09299053 0.08254573 0.08529045 0.08883289
  0.08845893 0.09200193 0.09107466 0.00323502]
 [0.00449026 0.00433747 0.         0.03069411 0.00415203 0.00406194
  0.00365128 0.00418645 0.00404588 0.00434131 0.00539637 0.0039288
  0.00380116 0.00410006 0.00442161 0.04926355]
 [0.00604595 0.00627852 0.03069411 0.         0.00644305 0.00673135
  0.00920868 0.00640892 0.00551438 0.01072939 0.00555061 0.00879024
  0.00964249 0.00808633 0.00581198 0.03153998]
 [0.09291752 0.09347037 0.00415203 0.00644305 0.         0.09345006
  0.08777817 0.09121437 0.09264574 0.08181601 0.08152552 0.09034647
  0.0891291  0.09231924 0.08856901 0.00306423]
 [0.09317052 0.09365251 0.00406194 0.00673135 0.09345006 0.
  0.08870668 0.09104895 0.09225062 0.08419868 0.08198963 0.09085409
  0.09018581 0.09338441 0.08950914 0.00315532]
 [0.08505709 0.08558539 0.00365128 0.00920868 0.08777817 0.08870668
  0.         0.08396472 0.08483323 0.08274627 0.07140843 0.09197945
  0.09153957 0.09046815 0.08026624 0.00287438]
 [0.09290336 0.09240396 0.00418645 0.00640892 0.09121437 0.09104895
  0.08396472 0.         0.09013738 0.08144972 0.08439505 0.08711245
  0.08776185 0.08992495 0.08997711 0.00309775]
 [0.09284962 0.09299053 0.00404588 0.00551438 0.09264574 0.09225062
  0.08483323 0.09013738 0.         0.07912122 0.08473738 0.08674145
  0.08662912 0.09017177 0.09051273 0.00310948]
 [0.08318764 0.08254573 0.00434131 0.01072939 0.08181601 0.08419868
  0.08274627 0.08144972 0.07912122 0.         0.07610856 0.08493521
  0.08634922 0.08688666 0.08014463 0.0034134 ]
 [0.08740107 0.08529045 0.00539637 0.00555061 0.08152552 0.08198963
  0.07140843 0.08439505 0.08473738 0.07610856 0.         0.0746377
  0.0772192  0.08033183 0.08808827 0.00400416]
 [0.08785965 0.08883289 0.0039288  0.00879024 0.09034647 0.09085409
  0.09197945 0.08711245 0.08674145 0.08493521 0.0746377  0.
  0.09244592 0.09256112 0.08299518 0.00272059]
 [0.08833282 0.08845893 0.00380116 0.00964249 0.0891291  0.09018581
  0.09153957 0.08776185 0.08662912 0.08634922 0.0772192  0.09244592
  0.         0.09192508 0.08454814 0.0029086 ]
 [0.09153856 0.09200193 0.00410006 0.00808633 0.09231924 0.09338441
  0.09046815 0.08992495 0.09017177 0.08688666 0.08033183 0.09256112
  0.09192508 0.         0.0870103  0.00293867]
 [0.09186402 0.09107466 0.00442161 0.00581198 0.08856901 0.08950914
  0.08026624 0.08997711 0.09051273 0.08014463 0.08808827 0.08299518
  0.08454814 0.0870103  0.         0.00351513]
 [0.00348028 0.00323502 0.04926355 0.03153998 0.00306423 0.00315532
  0.00287438 0.00309775 0.00310948 0.0034134  0.00400416 0.00272059
  0.0029086  0.00293867 0.00351513 0.        ]]
pval_matrix: None
