loss_g: 0.7061131541194812
loss_a: 2853.2460212638034
loss_abn: 0.640324592590332
total_loss: 2854.59248037981
accuracy_g: 0.4426229508196721
accuracy_abn: 1.0
mae_a: 1195.7553648679418
age_bin_mae: {'0–20': np.float32(38.729763), '20–40': np.float32(18.264917), '40–60': np.float32(5.807351), '60–80': np.float32(21.848022), '80–100': np.float32(37.29565)}
global_independence_score: 0.08889058977365494
hsic_matrix: [[0.         0.12239745 0.03421304 0.02729098 0.12261039 0.12254757
  0.12094912 0.12167947 0.12238285 0.11526746 0.11453493 0.12139343
  0.12112943 0.12184335 0.1213802  0.03013171]
 [0.12239745 0.         0.03449141 0.02827891 0.12330755 0.12302656
  0.12108876 0.12192945 0.12303118 0.11527929 0.11479749 0.12203088
  0.1212832  0.12242085 0.12169921 0.03039418]
 [0.03421304 0.03449141 0.         0.0411233  0.03427054 0.03412461
  0.03226243 0.03445097 0.03479074 0.03109021 0.03524297 0.03176026
  0.03222319 0.03298594 0.03493671 0.06767248]
 [0.02729098 0.02827891 0.0411233  0.         0.02833738 0.02771789
  0.02753952 0.02743845 0.02815754 0.02684145 0.02690379 0.02674569
  0.02711454 0.02777471 0.02745026 0.0462437 ]
 [0.12261039 0.12330755 0.03427054 0.02833738 0.         0.12383219
  0.12360445 0.1219783  0.12401804 0.11441045 0.11238271 0.12358519
  0.12281565 0.12305995 0.12114794 0.03036664]
 [0.12254757 0.12302656 0.03412461 0.02771789 0.12383219 0.
  0.12300427 0.12170931 0.12333272 0.11571047 0.11306124 0.12321842
  0.12269054 0.12309572 0.12129549 0.02966716]
 [0.12094912 0.12108876 0.03226243 0.02753952 0.12360445 0.12300427
  0.         0.11996286 0.12233707 0.11464032 0.10779659 0.12448572
  0.12463744 0.12274361 0.1185009  0.02892201]
 [0.12167947 0.12192945 0.03445097 0.02743845 0.1219783  0.12170931
  0.11996286 0.         0.12165095 0.11466812 0.11432499 0.12057193
  0.12049273 0.12105411 0.12153251 0.0306374 ]
 [0.12238285 0.12303118 0.03479074 0.02815754 0.12401804 0.12333272
  0.12233707 0.12165095 0.         0.11329599 0.1135076  0.12234129
  0.12170031 0.12213227 0.12155648 0.03054599]
 [0.11526746 0.11527929 0.03109021 0.02684145 0.11441045 0.11571047
  0.11464032 0.11466812 0.11329599 0.         0.11036868 0.11593354
  0.11639392 0.11640733 0.11492846 0.02783218]
 [0.11453493 0.11479749 0.03524297 0.02690379 0.11238271 0.11306124
  0.10779659 0.11432499 0.1135076  0.11036868 0.         0.10971775
  0.1096773  0.11265017 0.11640412 0.03051995]
 [0.12139343 0.12203088 0.03176026 0.02674569 0.12358519 0.12321842
  0.12448572 0.12057193 0.12234129 0.11593354 0.10971775 0.
  0.12412375 0.12309487 0.11936396 0.02833299]
 [0.12112943 0.1212832  0.03222319 0.02711454 0.12281565 0.12269054
  0.12463744 0.12049273 0.12170031 0.11639392 0.1096773  0.12412375
  0.         0.12264606 0.11941007 0.02881308]
 [0.12184335 0.12242085 0.03298594 0.02777471 0.12305995 0.12309572
  0.12274361 0.12105411 0.12213227 0.11640733 0.11265017 0.12309487
  0.12264606 0.         0.12045839 0.02937462]
 [0.1213802  0.12169921 0.03493671 0.02745026 0.12114794 0.12129549
  0.1185009  0.12153251 0.12155648 0.11492846 0.11640412 0.11936396
  0.11941007 0.12045839 0.         0.03038503]
 [0.03013171 0.03039418 0.06767248 0.0462437  0.03036664 0.02966716
  0.02892201 0.0306374  0.03054599 0.02783218 0.03051995 0.02833299
  0.02881308 0.02937462 0.03038503 0.        ]]
pval_matrix: None
