loss_g: 0.7020814979011244
loss_a: 2853.8260229003017
loss_abn: 0.690085768699646
total_loss: 2855.218274615067
accuracy_g: 0.4426229508196721
accuracy_abn: 1.0
mae_a: 1195.9167093579235
age_bin_mae: {'0–20': np.float32(38.568382), '20–40': np.float32(18.10355), '40–60': np.float32(5.888167), '60–80': np.float32(22.00939), '80–100': np.float32(37.457016)}
global_independence_score: 0.09243118762969971
hsic_matrix: [[0.         0.1070426  0.02781379 ... 0.10573999 0.1079952  0.10205697]
 [0.1070426  0.         0.02880133 ... 0.10622817 0.10580344 0.10663855]
 [0.02781379 0.02880133 0.         ... 0.02704195 0.02767135 0.02821712]
 ...
 [0.10573999 0.10622817 0.02704195 ... 0.         0.10519434 0.10315625]
 [0.1079952  0.10580344 0.02767135 ... 0.10519434 0.         0.1002577 ]
 [0.10205697 0.10663855 0.02821712 ... 0.10315625 0.1002577  0.        ]]
pval_matrix: None
