loss_g: 0.6906692014224287
loss_a: 5.150161376914711e-05
loss_abn: 0.6910881702450739
total_loss: 1.3818088856296262
global_independence_score: 0.01089698076248169
hsic_matrix: [[0.         0.01478474 0.00445847 ... 0.00105721 0.00420192 0.00268233]
 [0.01478474 0.         0.00192754 ... 0.00116808 0.00263313 0.00235818]
 [0.00445847 0.00192754 0.         ... 0.00211884 0.03209288 0.02283241]
 ...
 [0.00105721 0.00116808 0.00211884 ... 0.         0.01708653 0.01413476]
 [0.00420192 0.00263313 0.03209288 ... 0.01708653 0.         0.08313914]
 [0.00268233 0.00235818 0.02283241 ... 0.01413476 0.08313914 0.        ]]
pval_matrix: None
