loss_g: 0.7183556772660518
loss_a: 1.3138372690781304
loss_abn: 0.5505091560923535
total_loss: 2.582702118417491
accuracy_g: 0.5869565217391305
accuracy_abn: 0.7463768115942029
global_independence_score: 0.01089698076248169
hsic_matrix: [[0.         0.01478474 0.00445847 ... 0.00105721 0.00420192 0.00268233]
 [0.01478474 0.         0.00192754 ... 0.00116808 0.00263313 0.00235818]
 [0.00445847 0.00192754 0.         ... 0.00211884 0.03209288 0.02283241]
 ...
 [0.00105721 0.00116808 0.00211884 ... 0.         0.01708653 0.01413476]
 [0.00420192 0.00263313 0.03209288 ... 0.01708653 0.         0.08313914]
 [0.00268233 0.00235818 0.02283241 ... 0.01413476 0.08313914 0.        ]]
pval_matrix: None
