loss_g: 0.6880373799282572
loss_a: 1.239214555076931
loss_abn: 0.6864455454591392
total_loss: 2.6136974528215933
accuracy_g: 0.532608695652174
accuracy_abn: 0.5434782608695652
global_independence_score: 0.0071369074285030365
hsic_matrix: [[0.         0.00231179 0.01291728 0.05466165 0.00553788 0.00157027
  0.00141696 0.00318461]
 [0.00231179 0.         0.0171099  0.0030446  0.00356723 0.00805459
  0.00831931 0.00076955]
 [0.01291728 0.0171099  0.         0.00917412 0.00224816 0.01190751
  0.00465087 0.00150091]
 [0.05466165 0.0030446  0.00917412 0.         0.00624792 0.00180806
  0.0015143  0.00207621]
 [0.00553788 0.00356723 0.00224816 0.00624792 0.         0.00846809
  0.00119804 0.01277456]
 [0.00157027 0.00805459 0.01190751 0.00180806 0.00846809 0.
  0.01144044 0.00131569]
 [0.00141696 0.00831931 0.00465087 0.0015143  0.00119804 0.01144044
  0.         0.00104291]
 [0.00318461 0.00076955 0.00150091 0.00207621 0.01277456 0.00131569
  0.00104291 0.        ]]
pval_matrix: None
