loss_g: 0.690550900887752
loss_a: 2.0065863117306963e-06
loss_abn: 0.6912323175996974
total_loss: 1.3817852407261946
global_independence_score: 0.0071369074285030365
hsic_matrix: [[0.         0.00231179 0.01291729 0.05466166 0.00553788 0.00157027
  0.00141696 0.00318461]
 [0.00231179 0.         0.0171099  0.0030446  0.00356722 0.00805459
  0.0083193  0.00076955]
 [0.01291729 0.0171099  0.         0.00917412 0.00224816 0.01190751
  0.00465087 0.00150091]
 [0.05466166 0.0030446  0.00917412 0.         0.00624792 0.00180806
  0.0015143  0.00207621]
 [0.00553788 0.00356722 0.00224816 0.00624792 0.         0.00846809
  0.00119804 0.01277456]
 [0.00157027 0.00805459 0.01190751 0.00180806 0.00846809 0.
  0.01144043 0.00131569]
 [0.00141696 0.0083193  0.00465087 0.0015143  0.00119804 0.01144043
  0.         0.00104291]
 [0.00318461 0.00076955 0.00150091 0.00207621 0.01277456 0.00131569
  0.00104291 0.        ]]
pval_matrix: None
