loss_g: 0.6914764642715454
loss_a: 0.0008479439538728068
loss_abn: 0.6714105433312015
total_loss: 1.3637349450069924
global_independence_score: 0.010176963172852993
hsic_matrix: [[0.         0.08943767 0.04119013 0.00362626 0.05885731 0.00843882
  0.02313366 0.02345526 0.00788539 0.00770111 0.02176848 0.00192335
  0.00989043 0.01622098 0.01259583 0.00606545 0.00060699 0.00183179
  0.0040184  0.02188196 0.05175919 0.01500245]
 [0.08943767 0.         0.0384107  0.00305372 0.0486569  0.00579356
  0.03355096 0.02510114 0.01220996 0.00840846 0.01538004 0.00175489
  0.01242319 0.0154241  0.01886399 0.00520372 0.00065371 0.00177884
  0.00484771 0.02266695 0.04746695 0.01079795]
 [0.04119013 0.0384107  0.         0.00325657 0.04782612 0.00452286
  0.01377473 0.02905183 0.00442298 0.00292902 0.01196658 0.00097882
  0.01097873 0.01838188 0.00726495 0.00379364 0.00118221 0.00355169
  0.00355305 0.03255329 0.06717841 0.00944326]
 [0.00362626 0.00305372 0.00325657 0.         0.00301346 0.00424253
  0.00187072 0.00375291 0.00121953 0.00913441 0.005469   0.01625977
  0.00348642 0.00207725 0.00178435 0.01429215 0.00057808 0.00114808
  0.00625251 0.00465818 0.00341318 0.00909012]
 [0.05885731 0.0486569  0.04782612 0.00301346 0.         0.00845043
  0.01084802 0.02170138 0.00310155 0.00675616 0.02212611 0.0015008
  0.00904335 0.02038108 0.00586367 0.00666192 0.00061599 0.00267868
  0.00427124 0.027002   0.05419279 0.01886871]
 [0.00843882 0.00579356 0.00452286 0.00424253 0.00845043 0.
  0.00067568 0.00271141 0.00055651 0.00248189 0.02823555 0.0029152
  0.00121591 0.00154595 0.00072767 0.00996017 0.0010889  0.0017393
  0.00188428 0.00092075 0.00535759 0.01307443]
 [0.02313366 0.03355096 0.01377473 0.00187072 0.01084802 0.00067568
  0.         0.01329644 0.03360583 0.00479297 0.00194109 0.00189747
  0.01529681 0.00954316 0.07820879 0.00515788 0.00135062 0.01135666
  0.00309379 0.01286045 0.01361169 0.00382095]
 [0.02345526 0.02510114 0.02905183 0.00375291 0.02170138 0.00271141
  0.01329644 0.         0.00590369 0.00320724 0.00877818 0.00119956
  0.01004876 0.00877028 0.00821528 0.00401759 0.00119667 0.00548284
  0.00368143 0.0351936  0.03416758 0.00812972]
 [0.00788539 0.01220996 0.00442298 0.00121953 0.00310155 0.00055651
  0.03360583 0.00590369 0.         0.00201862 0.00074174 0.00096047
  0.0121218  0.00211551 0.03653574 0.00206185 0.0004581  0.00292866
  0.00063183 0.00412019 0.00439772 0.00084492]
 [0.00770111 0.00840846 0.00292902 0.00913441 0.00675616 0.00248189
  0.00479297 0.00320724 0.00201862 0.         0.00394385 0.012216
  0.00210395 0.01554711 0.00387068 0.00343141 0.00136392 0.00132738
  0.00414194 0.00463645 0.00272307 0.0046121 ]
 [0.02176848 0.01538004 0.01196658 0.005469   0.02212611 0.02823555
  0.00194109 0.00877818 0.00074174 0.00394385 0.         0.00486518
  0.00084817 0.00306784 0.00103774 0.02510927 0.00177632 0.0041772
  0.00282104 0.00473251 0.0164759  0.04207028]
 [0.00192335 0.00175489 0.00097882 0.01625977 0.0015008  0.0029152
  0.00189747 0.00119956 0.00096047 0.012216   0.00486518 0.
  0.00136709 0.00863865 0.00186043 0.00721971 0.00051816 0.00071521
  0.00822257 0.0013889  0.00117676 0.00672683]
 [0.00989043 0.01242319 0.01097873 0.00348642 0.00904335 0.00121591
  0.01529681 0.01004876 0.0121218  0.00210395 0.00084817 0.00136709
  0.         0.00563477 0.01265105 0.00405589 0.00145807 0.00189868
  0.00171639 0.0108379  0.01162777 0.00115257]
 [0.01622098 0.0154241  0.01838188 0.00207725 0.02038108 0.00154595
  0.00954316 0.00877028 0.00211551 0.01554711 0.00306784 0.00863865
  0.00563477 0.         0.00746285 0.00376916 0.00080717 0.00166414
  0.01253945 0.02082171 0.01779764 0.00276059]
 [0.01259583 0.01886399 0.00726495 0.00178435 0.00586367 0.00072767
  0.07820879 0.00821528 0.03653574 0.00387068 0.00103774 0.00186043
  0.01265105 0.00746285 0.         0.00411886 0.00157468 0.01519894
  0.00261984 0.00997541 0.00725204 0.00254307]
 [0.00606545 0.00520372 0.00379364 0.01429215 0.00666192 0.00996017
  0.00515788 0.00401759 0.00206185 0.00343141 0.02510927 0.00721971
  0.00405589 0.00376916 0.00411886 0.         0.00147584 0.00305998
  0.00663599 0.00200886 0.00383806 0.0437714 ]
 [0.00060699 0.00065371 0.00118221 0.00057808 0.00061599 0.0010889
  0.00135062 0.00119667 0.0004581  0.00136392 0.00177632 0.00051816
  0.00145807 0.00080717 0.00157468 0.00147584 0.         0.00191519
  0.0006062  0.00074914 0.0010774  0.00102429]
 [0.00183179 0.00177884 0.00355169 0.00114808 0.00267868 0.0017393
  0.01135666 0.00548284 0.00292866 0.00132738 0.0041772  0.00071521
  0.00189868 0.00166414 0.01519894 0.00305998 0.00191519 0.
  0.0001964  0.00739794 0.00358997 0.00422771]
 [0.0040184  0.00484771 0.00355305 0.00625251 0.00427124 0.00188428
  0.00309379 0.00368143 0.00063183 0.00414194 0.00282104 0.00822257
  0.00171639 0.01253945 0.00261984 0.00663599 0.0006062  0.0001964
  0.         0.00172108 0.00287881 0.00359113]
 [0.02188196 0.02266695 0.03255329 0.00465818 0.027002   0.00092075
  0.01286045 0.0351936  0.00412019 0.00463645 0.00473251 0.0013889
  0.0108379  0.02082171 0.00997541 0.00200886 0.00074914 0.00739794
  0.00172108 0.         0.03293318 0.00307335]
 [0.05175919 0.04746695 0.06717841 0.00341318 0.05419279 0.00535759
  0.01361169 0.03416758 0.00439772 0.00272307 0.0164759  0.00117676
  0.01162777 0.01779764 0.00725204 0.00383806 0.0010774  0.00358997
  0.00287881 0.03293318 0.         0.01342355]
 [0.01500245 0.01079795 0.00944326 0.00909012 0.01886871 0.01307443
  0.00382095 0.00812972 0.00084492 0.0046121  0.04207028 0.00672683
  0.00115257 0.00276059 0.00254307 0.0437714  0.00102429 0.00422771
  0.00359113 0.00307335 0.01342355 0.        ]]
pval_matrix: None
